0 0.25 4 1 0 0 0
0 0 0 1 0 0 0
-2 1 0 0.984201 0.0758944 0.159114 -0.0164485
0 0.75 0 1 0 0 0
0.5 0.75 0 1 0 0 0
0.7 0 0 1 0 0 0
-0.5 0.75 0 1 0 0 0
-0.7 0 0 1 0 0 0
0.3 -0.75 0 1 0 0 0
0 -0.7 0 1 0 0 0
-0.3 -0.75 0 1 0 0 0
0 -0.7 0 1 0 0 0
2 1 0 1 0 0 0
0 0.75 0 1 0 0 0
0.5 0.75 0 1 0 0 0
0.7 0 0 1 0 0 0
-0.5 0.75 0 1 0 0 0
-0.7 0 0 1 0 0 0
0.3 -0.75 0 1 0 0 0
0 -0.7 0 1 0 0 0
-0.3 -0.75 0 1 0 0 0
0 -0.7 0 1 0 0 0
****
0 0.25 4 1 0 0 0
0 0 0 1 0 0 0
-2 1 0 0.635617 0.0520007 0.768265 0.0552796
0 0.75 0 1 0 0 0
0.5 0.75 0 1 0 0 0
0.7 0 0 1 0 0 0
-0.5 0.75 0 1 0 0 0
-0.7 0 0 1 0 0 0
0.3 -0.75 0 1 0 0 0
0 -0.7 0 1 0 0 0
-0.3 -0.75 0 1 0 0 0
0 -0.7 0 1 0 0 0
2 1 0 0.6038 0.0259268 -0.793223 -0.0744999
0 0.75 0 1 0 0 0
0.5 0.75 0 1 0 0 0
0.7 0 0 1 0 0 0
-0.5 0.75 0 1 0 0 0
-0.7 0 0 1 0 0 0
0.3 -0.75 0 1 0 0 0
0 -0.7 0 1 0 0 0
-0.3 -0.75 0 1 0 0 0
0 -0.7 0 1 0 0 0
****
0 0.25 4 1 0 0 0
0 0 0 1 0 0 0
-2 1 -5.6205e-16 -0.552632 0.0132726 0.831921 0.0482663
0 0.75 0 1 0 0 0
0.5 0.75 0 1 0 0 0
0.7 0 0 1 0 0 0
-0.5 0.75 0 1 0 0 0
-0.7 0 0 1 0 0 0
0.3 -0.75 0 1 0 0 0
0 -0.7 0 1 0 0 0
-0.3 -0.75 0 1 0 0 0
0 -0.7 0 1 0 0 0
1.72798 1.02814 -0.113919 0.6038 0.0259268 -0.793223 -0.0744999
0 0.75 0 1 0 0 0
0.5 0.75 0 1 0 0 0
0.7 3.04463e-16 -4.25017e-16 0.739746 0.106042 -0.631865 -0.205613
-0.5 0.75 0 1 0 0 0
-0.7 -3.33501e-16 -1.32002e-15 0.793002 0.0538848 0.59057 0.139542
0.3 -0.75 0 1 0 0 0
0 -0.7 0 1 0 0 0
-0.3 -0.75 0 1 0 0 0
0 -0.7 0 1 0 0 0
****
0 0.25 4 1 0 0 0
0 0 0 1 0 0 0
-2 1 -1.27676e-15 -0.574219 0.0120046 0.81717 0.0485972
0 0.75 0 1 0 0 0
0.5 0.75 0 1 0 0 0
0.7 5.11743e-16 -6.02816e-17 0.733037 -0.047056 0.677949 -0.0287564
-0.5 0.75 0 1 0 0 0
-0.7 4.34982e-16 -5.27356e-16 0.739019 -0.0714243 -0.664842 0.0820609
0.3 -0.75 0 1 0 0 0
0 -0.7 0 1 0 0 0
-0.3 -0.75 0 1 0 0 0
0 -0.7 0 1 0 0 0
1.72798 1.02814 -0.113919 -0.725933 0.132326 -0.674705 0.0168723
0 0.75 0 1 0 0 0
0.5 0.75 0 1 0 0 0
0.7 3.04463e-16 -4.25017e-16 0.739746 0.106042 -0.631865 -0.205613
-0.5 0.75 0 1 0 0 0
-0.7 -3.33501e-16 -1.32002e-15 0.793002 0.0538848 0.59057 0.139542
0.3 -0.75 0 1 0 0 0
0 -0.7 0 1 0 0 0
-0.3 -0.75 0 1 0 0 0
0 -0.7 0 1 0 0 0
****
0 0.25 4 1 0 0 0
0 0 0 1 0 0 0
-2 1 -2.4877 -0.574219 0.0120046 0.81717 0.0485972
0 0.75 0 1 0 0 0
0.5 0.75 0 1 0 0 0
0.7 5.11743e-16 -6.02816e-17 0.733037 -0.047056 0.677949 -0.0287564
-0.5 0.75 0 1 0 0 0
-0.7 4.34982e-16 -5.27356e-16 0.739019 -0.0714243 -0.664842 0.0820609
0.3 -0.75 0 1 0 0 0
0 -0.7 0 1 0 0 0
-0.3 -0.75 0 1 0 0 0
0 -0.7 0 1 0 0 0
1.72798 1.02814 -1.60713 -0.725933 0.132326 -0.674705 0.0168723
0 0.75 0 1 0 0 0
0.5 0.75 0 1 0 0 0
0.7 3.04463e-16 -4.25017e-16 0.739746 0.106042 -0.631865 -0.205613
-0.5 0.75 0 1 0 0 0
-0.7 -3.33501e-16 -1.32002e-15 0.793002 0.0538848 0.59057 0.139542
0.3 -0.75 0 1 0 0 0
0 -0.7 0 1 0 0 0
-0.3 -0.75 0 1 0 0 0
0 -0.7 0 1 0 0 0
****
0 0.25 4 1 0 0 0
0 0 0 1 0 0 0
-2 1 -0.174195 -0.574219 0.0120046 0.81717 0.0485972
0 0.75 0 1 0 0 0
0.5 0.75 0 1 0 0 0
0.7 5.11743e-16 -6.02816e-17 0.733037 -0.047056 0.677949 -0.0287564
-0.5 0.75 0 1 0 0 0
-0.7 4.34982e-16 -5.27356e-16 0.739019 -0.0714243 -0.664842 0.0820609
0.3 -0.75 0 1 0 0 0
0 -0.7 0 1 0 0 0
-0.3 -0.75 0 1 0 0 0
0 -0.7 0 1 0 0 0
1.72798 1.02814 0.154328 -0.725933 0.132326 -0.674705 0.0168723
0 0.75 0 1 0 0 0
0.5 0.75 0 1 0 0 0
0.7 3.04463e-16 -4.25017e-16 0.739746 0.106042 -0.631865 -0.205613
-0.5 0.75 0 1 0 0 0
-0.7 -3.33501e-16 -1.32002e-15 0.793002 0.0538848 0.59057 0.139542
0.3 -0.75 0 1 0 0 0
0 -0.7 0 1 0 0 0
-0.3 -0.75 0 1 0 0 0
0 -0.7 0 1 0 0 0
****
